[gd_scene load_steps=3 format=2]

[ext_resource path="res://Scenes/Objects/CatMeow.tscn" type="PackedScene" id=1]
[ext_resource path="res://Scripts/CatStatic.gd" type="Script" id=2]

[node name="CatStatic" type="Spatial"]
script = ExtResource( 2 )

[node name="Cat1" parent="." instance=ExtResource( 1 )]
transform = Transform( -1, 0, -8.74228e-08, 0, 1, 0, 8.74228e-08, 0, -1, 0, 1, 6 )

[node name="Cat2" parent="." instance=ExtResource( 1 )]
transform = Transform( -0.258819, 0, 0.965926, 0, 1, 0, -0.965926, 0, -0.258819, -6.7, 1, 1.3 )

[node name="Cat3" parent="." instance=ExtResource( 1 )]
transform = Transform( 0.819152, 0, 0.573576, 0, 1, 0, -0.573576, 0, 0.819152, -4.1, 1, -6.6 )

[node name="Cat4" parent="." instance=ExtResource( 1 )]
transform = Transform( 0.80212, 0, -0.597163, 0, 1, 0, 0.597163, 0, 0.80212, 4.1, 1, -6.6 )

[node name="Cat5" parent="." instance=ExtResource( 1 )]
transform = Transform( -0.422618, 0, -0.906308, 0, 1, 0, 0.906308, 0, -0.422618, 6.6, 1, 1.3 )
